Datum;"Pocet potvrdenych PCR testami";"Dennych PCR testov";"Dennych PCR prirastkov";"Pocet umrti"
06-03-2020;1;378;1;0
07-03-2020;3;66;2;0
08-03-2020;5;76;2;0
09-03-2020;7;69;2;0
10-03-2020;7;111;0;0
11-03-2020;10;97;3;0
12-03-2020;21;95;11;0
13-03-2020;32;58;11;0
14-03-2020;44;197;12;0
15-03-2020;61;289;17;0
16-03-2020;72;159;11;0
17-03-2020;96;318;24;0
18-03-2020;104;225;8;0
19-03-2020;123;301;19;0
20-03-2020;137;368;14;0
21-03-2020;178;440;41;0
22-03-2020;185;242;7;0
23-03-2020;204;451;19;0
24-03-2020;216;476;12;0
25-03-2020;226;335;10;0
26-03-2020;269;913;43;0
27-03-2020;292;747;23;0
28-03-2020;314;720;22;0
29-03-2020;336;401;22;0
30-03-2020;363;688;27;1
31-03-2020;400;877;37;1
01-04-2020;426;1191;26;1
02-04-2020;450;1454;24;1
03-04-2020;471;1889;21;1
04-04-2020;485;1524;14;1
05-04-2020;534;1036;49;2
06-04-2020;581;1448;47;2
07-04-2020;682;2042;101;2
08-04-2020;701;1690;19;2
09-04-2020;715;2301;14;2
10-04-2020;728;2174;13;2
11-04-2020;742;1580;14;2
12-04-2020;769;1324;27;2
13-04-2020;835;1302;66;2
14-04-2020;863;1439;28;6
15-04-2020;977;2967;114;8
16-04-2020;1049;3351;72;9
17-04-2020;1089;3144;40;11
18-04-2020;1161;3323;72;12
19-04-2020;1173;2458;12;13
20-04-2020;1199;2694;26;14
21-04-2020;1244;3468;45;14
22-04-2020;1325;4525;81;15
23-04-2020;1360;3840;35;17
24-04-2020;1373;4828;13;17
25-04-2020;1379;4839;6;18
26-04-2020;1381;3171;2;18
27-04-2020;1384;1767;3;20
28-04-2020;1391;5472;7;21
29-04-2020;1396;4584;5;23
30-04-2020;1403;5150;7;23
01-05-2020;1407;3698;4;24
02-05-2020;1408;1450;1;24
03-05-2020;1413;1584;5;25
04-05-2020;1421;2060;8;25
05-05-2020;1429;4742;8;25
06-05-2020;1445;5161;16;26
07-05-2020;1455;4694;10;26
08-05-2020;1455;3910;0;26
09-05-2020;1457;1488;2;26
10-05-2020;1457;786;0;26
11-05-2020;1465;2063;8;27
12-05-2020;1469;4326;4;27
13-05-2020;1477;4876;8;27
14-05-2020;1480;3992;3;27
15-05-2020;1493;4084;13;28
16-05-2020;1494;2476;1;28
17-05-2020;1495;971;1;28
18-05-2020;1495;2041;0;28
19-05-2020;1496;3371;1;28
20-05-2020;1502;2933;6;28
21-05-2020;1503;2751;1;28
22-05-2020;1504;2236;1;28
23-05-2020;1509;1649;5;28
24-05-2020;1511;645;2;28
25-05-2020;1513;1464;2;28
26-05-2020;1515;2839;2;28
27-05-2020;1520;2352;5;28
28-05-2020;1520;1848;0;28
29-05-2020;1521;3433;1;28
30-05-2020;1521;1606;0;28
31-05-2020;1522;274;1;28
01-06-2020;1522;6418;0;28
02-06-2020;1525;2336;3;28
03-06-2020;1526;2135;1;28
04-06-2020;1526;1832;0;28
05-06-2020;1528;2639;2;28
06-06-2020;1528;1180;0;28
07-06-2020;1530;160;2;28
08-06-2020;1531;851;1;28
09-06-2020;1533;1545;2;28
10-06-2020;1541;1500;8;28
11-06-2020;1542;1262;1;28
12-06-2020;1545;1511;3;28
13-06-2020;1548;479;3;28
14-06-2020;1552;47;4;28
15-06-2020;1552;847;0;28
16-06-2020;1561;1163;9;28
17-06-2020;1562;787;1;28
18-06-2020;1576;806;14;28
19-06-2020;1586;1278;10;28
20-06-2020;1587;301;1;28
21-06-2020;1588;41;1;28
22-06-2020;1589;661;1;28
23-06-2020;1607;1257;18;28
24-06-2020;1630;936;23;28
25-06-2020;1643;1515;13;28
26-06-2020;1657;1611;14;28
27-06-2020;1664;931;7;28
28-06-2020;1665;62;1;28
29-06-2020;1667;784;2;28
30-06-2020;1687;2063;20;28
01-07-2020;1700;1708;13;28
02-07-2020;1720;1801;20;28
03-07-2020;1749;2216;29;28
04-07-2020;1764;808;15;28
05-07-2020;1765;50;1;28
06-07-2020;1767;873;2;28
07-07-2020;1798;2225;31;28
08-07-2020;1851;2284;53;28
09-07-2020;1870;2172;19;28
10-07-2020;1893;2879;23;28
11-07-2020;1901;960;8;28
12-07-2020;1902;279;1;28
13-07-2020;1908;1163;6;28
14-07-2020;1927;2205;19;28
15-07-2020;1951;2336;24;28
16-07-2020;1965;1862;14;28
17-07-2020;1976;2161;11;28
18-07-2020;1979;410;3;28
19-07-2020;1980;24;1;28
20-07-2020;2021;3333;41;28
21-07-2020;2058;2571;37;28
22-07-2020;2089;2251;31;28
23-07-2020;2118;2049;29;28
24-07-2020;2141;2275;23;28
25-07-2020;2179;767;38;28
26-07-2020;2181;216;2;28
27-07-2020;2204;1548;23;28
28-07-2020;2245;2296;41;28
29-07-2020;2265;1851;20;28
30-07-2020;2292;2176;27;29
31-07-2020;2337;2884;45;29
01-08-2020;2344;585;7;29
02-08-2020;2354;766;10;29
03-08-2020;2368;1320;14;29
04-08-2020;2417;2538;49;29
05-08-2020;2480;2667;63;29
06-08-2020;2523;2473;43;31
07-08-2020;2566;3099;43;31
08-08-2020;2596;1068;30;31
09-08-2020;2599;564;3;31
10-08-2020;2615;1454;16;31
11-08-2020;2690;3131;75;31
12-08-2020;2739;2741;49;31
13-08-2020;2801;2738;62;31
14-08-2020;2855;3235;54;31
15-08-2020;2902;2013;47;31
16-08-2020;2907;481;5;31
17-08-2020;2922;1583;15;31
18-08-2020;3022;3684;100;33
19-08-2020;3102;3435;80;33
20-08-2020;3225;3245;123;33
21-08-2020;3316;3833;91;33
22-08-2020;3356;1723;40;33
23-08-2020;3424;929;68;33
24-08-2020;3452;2103;28;33
25-08-2020;3536;4090;84;33
26-08-2020;3626;3636;90;33
27-08-2020;3728;4360;102;33
28-08-2020;3842;4453;114;33
29-08-2020;3876;1951;34;33
30-08-2020;3917;588;41;33
31-08-2020;3989;2763;72;33
01-09-2020;4042;2428;53;33
02-09-2020;4163;3519;121;37
03-09-2020;4300;4772;137;37
04-09-2020;4526;5947;226;37
05-09-2020;4614;2462;88;37
06-09-2020;4636;922;22;37
07-09-2020;4727;2891;91;37
08-09-2020;4888;5309;161;37
09-09-2020;5066;5021;178;37
10-09-2020;5252;4266;186;37
11-09-2020;5453;6191;201;38
12-09-2020;5532;3080;79;38
13-09-2020;5580;1425;48;38
14-09-2020;5768;4323;188;38
15-09-2020;5860;3235;92;38
16-09-2020;6021;4027;161;39
17-09-2020;6256;5542;235;39
18-09-2020;6546;5750;290;39
19-09-2020;6677;3443;131;39
20-09-2020;6756;1952;79;39
21-09-2020;6931;2664;175;40
22-09-2020;7269;6231;338;41
23-09-2020;7629;5213;360;41
24-09-2020;8048;5540;419;41
25-09-2020;8600;6483;552;44
26-09-2020;9078;5655;478;44
27-09-2020;9343;1954;265;44
28-09-2020;9574;2561;231;45
29-09-2020;10141;7350;567;48
30-09-2020;10938;9170;797;48
01-10-2020;11617;7824;679;54
02-10-2020;12321;9492;704;54
03-10-2020;13139;8565;818;55
04-10-2020;13492;3382;353;55
05-10-2020;13812;3750;320;55
06-10-2020;14689;8679;877;55
07-10-2020;15726;9518;1037;57
08-10-2020;16910;10136;1184;57
09-10-2020;18797;11123;1887;61
10-10-2020;19851;8959;1054;61
11-10-2020;20355;3998;504;61
12-10-2020;20886;5058;531;61
13-10-2020;22296;10228;1410;66
14-10-2020;24225;12502;1929;71
15-10-2020;26300;14010;2075;71
16-10-2020;28268;11904;1968;82
17-10-2020;29835;10858;1567;88
18-10-2020;30695;5025;860;92
19-10-2020;31400;5946;705;98
20-10-2020;33602;13832;2202;98
21-10-2020;35330;9365;1728;115
22-10-2020;37911;13369;2581;134
23-10-2020;40801;13525;2890;159
24-10-2020;43843;16048;3042;159
25-10-2020;45155;6175;1312;165
26-10-2020;46056;5899;901;176
27-10-2020;48943;14642;2887;184
28-10-2020;51728;14355;2785;200
29-10-2020;55091;16556;3363;212
30-10-2020;57664;18074;2573;219
31-10-2020;59946;21949;2282;219
01-11-2020;61829;21477;1883;219
02-11-2020;63556;18994;1727;235
03-11-2020;66772;13377;3216;261
04-11-2020;68734;12864;1962;286
05-11-2020;71088;11615;2354;317
06-11-2020;73667;15767;2579;351
07-11-2020;75495;15466;1828;351
08-11-2020;76072;4956;577;366
09-11-2020;77123;6813;1051;390
10-11-2020;79181;12891;2058;414
11-11-2020;81772;12584;2591;464
12-11-2020;83796;10736;2024;491
13-11-2020;85567;10742;1771;510
14-11-2020;86767;6545;1200;510
15-11-2020;87276;1771;509;526
16-11-2020;88602;7837;1326;557
17-11-2020;89913;5833;1311;579
18-11-2020;91578;7913;1665;579
19-11-2020;93396;9836;1818;614
20-11-2020;95257;10554;1861;644
21-11-2020;96241;5691;984;671
22-11-2020;96472;1773;231;693
23-11-2020;97493;6545;1021;709
24-11-2020;99304;10145;1811;732
25-11-2020;101257;10723;1953;749
26-11-2020;103106;10928;1849;771
27-11-2020;104633;9892;1527;798
28-11-2020;105733;7536;1100;816
29-11-2020;105929;1063;196;839
30-11-2020;107183;7991;1254;868
01-12-2020;109226;11136;2043;898
02-12-2020;111208;10264;1982;930
03-12-2020;113392;11221;2184;957
04-12-2020;115462;12670;2070;981
05-12-2020;116731;7195;1269;996
06-12-2020;117283;3415;552;1018
07-12-2020;119232;10245;1949;1046
08-12-2020;121796;13277;2564;1084
09-12-2020;124921;15130;3125;1104
10-12-2020;127087;10938;2166;1122
11-12-2020;130794;17956;3707;1148
12-12-2020;132984;9991;2190;1175
13-12-2020;133489;2899;505;1205
14-12-2020;135523;10901;2034;1251
15-12-2020;139088;16717;3565;1309
16-12-2020;142133;14921;3045;1378
17-12-2020;146124;18022;3991;1440
18-12-2020;149275;16197;3151;1510
19-12-2020;151336;9821;2061;1555
20-12-2020;152555;6291;1219;1618
21-12-2020;155218;13289;2663;1618
22-12-2020;158905;18144;3687;1686
23-12-2020;161562;14238;2657;1732
24-12-2020;165608;18443;4046;1732
25-12-2020;166649;4249;1041;1732
26-12-2020;167523;3550;874;1773
27-12-2020;168092;2540;569;1879
28-12-2020;170187;9330;2095;1983
29-12-2020;173228;11414;3041;2065
30-12-2020;179543;21978;6315;2138
31-12-2020;184508;16479;4965;2250
01-01-2021;186244;4954;1736;2250
02-01-2021;187463;4288;1219;2317
03-01-2021;188099;3111;636;2521
04-01-2021;191088;12396;2989;2603
05-01-2021;196047;17822;4959;2657
06-01-2021;198184;8257;2137;2717
07-01-2021;201164;10657;2980;2788
08-01-2021;205236;16368;4072;2836
09-01-2021;208209;12844;2973;2918
10-01-2021;209069;4328;860;3007
11-01-2021;211479;12119;2410;3102
12-01-2021;215055;15440;3576;3163
13-01-2021;217978;12342;2923;3260
14-01-2021;220707;11875;2729;3362
15-01-2021;222752;11392;2045;3417
16-01-2021;223325;2850;573;3474
17-01-2021;224385;6252;1060;3526
18-01-2021;226294;9817;1909;3637
19-01-2021;228778;12124;2484;3737
20-01-2021;231242;12668;2464;3801
21-01-2021;233027;11018;1785;3894
22-01-2021;234571;20264;1544;3965
23-01-2021;236476;16498;1905;4068
24-01-2021;237027;3806;551;4068
25-01-2021;238617;10950;1590;4260
26-01-2021;241392;14015;2775;4361
27-01-2021;243427;9811;2035;4411
28-01-2021;246008;11293;2581;4495
29-01-2021;248190;11207;2182;4565
30-01-2021;249913;8201;1723;4642
31-01-2021;250357;2290;444;4711
01-02-2021;252094;9504;1737;4784
02-02-2021;254826;12313;2732;4889
03-02-2021;256903;11223;2077;4976
04-02-2021;259533;11282;2630;5050
05-02-2021;261774;13677;2241;5135
06-02-2021;263326;8282;1552;5199
07-02-2021;264083;3784;757;5271
08-02-2021;265807;9410;1724;5382
09-02-2021;268986;13980;3179;5502
10-02-2021;271473;10932;2487;5629
11-02-2021;273904;10402;2431;5733
12-02-2021;276234;13991;2330;5812
13-02-2021;277682;7597;1448;5885
14-02-2021;278254;2775;572;5952
15-02-2021;279696;8237;1442;6063
16-02-2021;282864;13050;3168;6168
17-02-2021;285419;10848;2555;6271
18-02-2021;287752;10283;2333;6350
19-02-2021;290457;14300;2705;6424
20-02-2021;292143;8277;1686;6505
21-02-2021;292792;3059;649;6577
22-02-2021;294790;9869;1998;6671
23-02-2021;298337;15160;3547;6775
24-02-2021;300775;10958;2438;6859
25-02-2021;303420;12065;2645;6966
26-02-2021;306268;15731;2848;7075
27-02-2021;308083;8839;1815;7189
28-02-2021;308925;3565;842;7270
01-03-2021;311002;10854;2077;7388
02-03-2021;314359;15111;3357;7489
03-03-2021;317159;12624;2800;7560
04-03-2021;319582;11749;2423;7665
05-03-2021;322104;15721;2522;7739
06-03-2021;323390;7611;1286;7836
07-03-2021;323786;2747;396;7921
08-03-2021;325993;11222;2207;8037
09-03-2021;329593;16361;3600;8146
10-03-2021;331571;10643;1978;8244
11-03-2021;333872;11176;2301;8346
12-03-2021;336235;14496;2363;8440
13-03-2021;337503;7149;1268;8528
14-03-2021;337960;2780;457;8605
15-03-2021;339538;9820;1578;8669
16-03-2021;342430;14601;2892;8738
17-03-2021;344470;11088;2040;8814
18-03-2021;346149;9672;1679;8894
19-03-2021;347944;13293;1795;8978
20-03-2021;348869;5896;925;9044
21-03-2021;349270;3861;401;9104
22-03-2021;350551;10875;1281;9190
23-03-2021;352528;11378;1977;9261
24-03-2021;354182;10111;1654;9313
25-03-2021;355454;9079;1272;9373
26-03-2021;356985;12389;1531;9426
27-03-2021;357910;7087;925;9496
28-03-2021;358115;2298;205;9542
29-03-2021;359330;8705;1215;9624
30-03-2021;361185;11407;1855;9719
31-03-2021;362489;8654;1304;9790
01-04-2021;363874;12869;1385;9877
02-04-2021;364622;6296;748;9948
03-04-2021;365242;4421;620;10025
04-04-2021;365400;1831;158;10094
05-04-2021;365733;3145;333;10156
06-04-2021;366894;10707;1161;10243
07-04-2021;368470;11881;1576;10322
08-04-2021;369393;9003;923;10411
09-04-2021;370473;11753;1080;10487
10-04-2021;371062;7470;589;10565
11-04-2021;371168;1502;106;10630
12-04-2021;372038;8275;870;10716
13-04-2021;373107;8593;1069;10798
14-04-2021;373950;7312;843;10877
15-04-2021;374586;7662;636;10970
16-04-2021;375336;13377;750;11043
17-04-2021;375974;17057;638;11106
18-04-2021;376067;1434;93;11172
19-04-2021;376709;7959;642;11244
20-04-2021;377473;7429;764;11304
21-04-2021;378150;6796;677;11357
22-04-2021;378635;6563;485;11405
23-04-2021;379476;14312;841;11458
24-04-2021;379911;30594;435;11495
25-04-2021;380010;10622;99;11531
26-04-2021;380498;8285;488;11572
27-04-2021;381180;7508;682;11611
28-04-2021;381744;6557;564;11647
29-04-2021;382211;9012;467;11684
30-04-2021;382720;8431;509;11732
01-05-2021;383098;34967;378;11766
02-05-2021;383228;12176;130;11807
03-05-2021;383609;7225;381;11855
04-05-2021;384317;8020;708;11886
05-05-2021;384660;6268;343;11920
06-05-2021;385022;6995;362;11946
07-05-2021;385395;12132;373;11990
08-05-2021;385475;3666;80;12019
09-05-2021;385786;5418;311;12051
10-05-2021;386136;7995;350;12077
11-05-2021;386540;6776;404;12096
12-05-2021;386868;4968;328;12135
13-05-2021;387162;7092;294;12168
14-05-2021;387420;6728;258;12203
15-05-2021;387523;2738;103;12224
16-05-2021;387659;3154;136;12238
17-05-2021;387892;7276;233;12248
18-05-2021;388138;5836;246;12262
19-05-2021;388391;5597;253;12272
20-05-2021;388529;4004;138;12280
21-05-2021;388719;5671;190;12286
22-05-2021;388835;4122;116;12292
23-05-2021;388854;1167;19;12296
